38035
65535
65534
38036
1
13
28672
38036
3
41
28672
38912
18
38299
3
0
18759
39
38292
1
65535
9299
38219
1
14681
3
65535
16980
38308
1
22851
65535
17076
38000
39
38036
65535
41
28672
36864
0
18759
46
38289
1
2
38036
2
56
28672
38036
3
78
28672
38912
61
38299
3
0
18759
80
38292
2
65535
9299
38219
1
14681
3
65535
16980
38308
1
22851
65535
17076
38000
80
36864
0
18758
86
38036
0
88
24576
36864
65535
18759
93
38289
2
2
38036
2
103
28672
38036
4
131
28672
38912
108
38299
4
0
18759
129
38292
2
65535
9299
38219
1
14681
4
65535
16980
38308
1
22851
65535
17076
38000
129
38036
65535
131
28672
36864
0
18759
136
38289
3
2
38036
33036
146
28672
38036
32500
174
28672
38912
151
38299
32500
0
18759
172
38292
33036
65535
9299
38219
1
14681
32500
65535
16980
38308
1
22851
65535
17076
38000
172
38036
65535
174
28672
36864
0
18759
179
38289
4
2
38036
32500
189
28672
38036
33036
217
28672
38912
194
38299
33036
0
18759
215
38292
32500
65535
9299
38219
1
14681
33036
65535
16980
38308
1
22851
65535
17076
38000
215
38036
65535
217
28672
36864
0
18758
223
38036
0
225
24576
36864
65535
18759
230
38289
5
2
38036
65535
240
28672
38036
32767
268
28672
38912
245
38299
32767
0
18759
266
38292
65535
65535
9299
38219
1
14681
32767
65535
16980
38308
1
22851
65535
17076
38000
266
38036
65535
268
28672
36864
0
18759
273
38289
6
2
38036
32768
283
28672
38036
0
311
28672
38912
288
38299
0
0
18759
309
38292
32768
65535
9299
38219
1
14681
0
65535
16980
38308
1
22851
65535
17076
38000
309
38036
65535
311
28672
36864
0
18759
316
38289
7
2
38036
0
326
28672
38036
32768
354
28672
38912
331
38299
32768
0
18759
352
38292
0
65535
9299
38219
1
14681
32768
65535
16980
38308
1
22851
65535
17076
38000
352
38036
65535
354
28672
36864
0
18758
360
38036
0
362
24576
36864
65535
18759
398
38036
32768
374
28672
38036
0
398
28672
38912
379
38299
0
0
18759
396
38292
0
65535
9299
38219
1
14681
32768
65535
16980
38308
1
22851
65535
17076
38000
398
36864
0
18759
403
38289
8
2
38036
65136
589
12288
37924
589
38000
417
38036
400
446
28672
38912
422
38299
400
0
18759
444
37925
589
37924
65535
21397
1
19257
400
22850
65535
21653
1
42073
65535
17218
46228
444
28672
38036
65535
446
28672
36864
0
18759
586
37925
589
37924
65535
21397
1
19257
1
22850
65535
21653
1
42073
65535
17218
42132
590
12288
37924
590
38000
476
38036
399
505
28672
38912
481
38299
399
0
18759
503
37925
590
37924
65535
21397
1
19257
399
22850
65535
21653
1
42073
65535
17218
46228
503
28672
38036
65535
505
28672
36864
0
18759
567
37924
590
38000
517
37924
589
38000
543
38912
523
37925
589
39753
0
541
18176
37925
589
37924
65535
21397
1
19257
590
16985
65535
16980
38308
1
22851
65535
17076
38000
543
36864
0
18759
548
38289
65535
2
37925
590
37924
65535
21397
1
19257
1
22850
65535
21653
1
42073
65535
17218
42132
590
14720
466
37925
589
37924
65535
21397
1
19257
1
22850
65535
21653
1
42073
65535
17218
42132
589
14720
407
145
0
